nCities: 41

nScenarios: 3
M: 10000
Scenario: 1
Z: 0
nCore: 3

Distance: [
0	1104	838	747	687	1139	1205	128	1257	571	1051	1171	1239	920	291	1246	1021	972	32	1297	970	932	892	701	149	1006	805	492	1323	1088	259	744	1185	1103	1072	1043	798	1165	878	368	511
1104	0	311	370	424	71	131	1204	202	534	82	261	266	240	1378	219	99	206	1087	252	189	243	298	404	955	105	386	614	280	102	846	398	84	145	92	240	322	168	230	739	663
838	311	0	155	155	346	407	938	455	269	253	341	409	159	1112	443	229	143	822	495	149	102	83	150	690	213	101	348	521	304	581	105	393	277	286	213	43	342	83	473	462
747	370	155	0	86	405	481	848	533	178	328	470	523	203	1022	522	287	269	731	574	246	244	235	65	599	272	191	257	600	363	490	130	451	380	345	356	128	442	155	382	328
687	424	155	86	0	459	525	787	577	118	371	488	556	265	961	566	341	290	671	618	290	249	208	25	539	326	121	197	643	417	429	60	505	420	399	360	116	483	198	322	321
1139	71	346	405	459	0	140	1239	211	570	151	325	329	229	1413	253	125	275	1123	261	258	312	367	439	991	153	436	649	289	70	881	434	80	214	79	309	357	230	265	774	682
1205	131	407	481	525	140	0	1305	79	636	162	233	205	358	1479	121	228	284	1188	128	267	321	376	505	1056	222	464	715	156	199	947	497	65	176	208	293	420	133	329	840	777
128	1204	938	848	787	1239	1305	0	1357	672	1151	1271	1339	1021	320	1346	1121	1073	124	1398	1070	1032	993	801	250	1106	905	592	1424	1189	359	844	1285	1203	1172	1144	899	1266	979	468	632
1257	202	455	533	577	211	79	1357	0	688	208	238	199	414	1531	99	298	326	1240	60	310	364	419	557	1109	285	507	767	88	270	999	549	136	213	279	327	472	161	381	892	829
571	534	269	178	118	570	636	672	688	0	482	602	670	358	846	676	452	403	555	728	400	363	323	132	423	437	236	81	754	527	314	175	616	534	510	474	229	596	309	206	220
1051	82	253	328	371	151	162	1151	208	482	0	182	208	208	1326	196	111	125	1035	248	108	163	218	351	903	81	306	561	274	162	794	343	153	65	144	159	267	115	175	686	623
1171	261	341	470	488	325	233	1271	238	602	182	0	79	375	1445	164	292	209	1154	247	237	239	297	480	1023	262	385	681	258	344	913	437	281	119	325	139	376	101	317	806	780
1239	266	409	523	556	329	205	1339	199	670	208	79	0	415	1513	105	318	274	1223	189	278	308	365	547	1091	288	453	749	199	367	981	506	262	144	352	207	444	102	369	874	821
920	240	159	203	265	229	358	1021	414	358	208	375	415	0	1195	403	158	178	904	455	140	180	203	245	772	144	258	430	480	171	663	245	299	272	155	272	169	322	77	555	469
291	1378	1112	1022	961	1413	1479	320	1531	846	1326	1445	1513	1195	0	1520	1296	1247	323	1572	1244	1206	1167	975	424	1280	1080	767	1598	1363	533	1019	1460	1377	1347	1318	1073	1440	1153	643	759
1246	219	443	522	566	253	121	1346	99	676	196	164	105	403	1520	0	305	315	1229	94	299	353	408	546	1097	276	496	756	104	312	988	538	178	189	310	273	461	120	370	881	818
1021	99	229	287	341	125	228	1121	298	452	111	292	318	158	1296	305	0	198	1005	348	156	215	256	321	873	49	319	531	376	78	764	316	180	174	60	269	239	225	148	656	581
972	206	143	269	290	275	284	1073	326	403	125	209	274	178	1247	315	198	0	956	367	51	44	99	282	824	159	187	482	393	268	715	239	277	138	250	97	178	208	116	607	580
32	1087	822	731	671	1123	1188	124	1240	555	1035	1154	1223	904	323	1229	1005	956	0	1281	953	916	876	685	133	990	789	476	1307	1072	243	728	1169	1087	1056	1027	782	1149	862	352	516
1297	252	495	574	618	261	128	1398	60	728	248	247	189	455	1572	94	348	367	1281	0	351	405	460	598	1149	328	548	808	34	319	1040	590	185	254	328	356	513	190	422	932	870
970	189	149	246	290	258	267	1070	310	400	108	237	278	140	1244	299	156	51	953	351	0	79	134	270	821	118	222	480	376	227	712	254	261	135	209	146	179	198	92	605	544
932	243	102	244	249	312	321	1032	364	363	163	239	308	180	1206	353	215	44	916	405	79	0	58	241	784	177	146	442	431	285	674	198	315	178	267	112	137	246	111	567	554
892	298	83	235	208	367	376	993	419	323	218	297	365	203	1167	408	256	99	876	460	134	58	0	213	744	228	90	402	486	332	635	156	370	233	313	169	123	301	131	527	525
701	404	150	65	25	439	505	801	557	132	351	480	547	245	975	546	321	282	685	598	270	241	213	0	553	306	144	211	623	397	443	83	485	403	379	353	110	466	179	336	313
149	955	690	599	539	991	1056	250	1109	423	903	1023	1091	772	424	1097	873	824	133	1149	821	784	744	553	0	858	657	344	1175	940	111	596	1037	955	924	895	650	1017	730	220	412
1006	105	213	272	326	153	222	1106	285	437	81	262	288	144	1280	276	49	159	990	328	118	177	228	306	858	0	303	516	353	114	748	301	185	145	96	239	224	195	132	641	567
805	386	101	191	121	436	464	905	507	236	306	385	453	258	1080	496	319	187	789	548	222	146	90	144	657	303	0	315	574	394	548	69	458	321	376	257	101	389	182	440	440
492	614	348	257	197	649	715	592	767	81	561	681	749	430	767	756	531	482	476	808	480	442	402	211	344	516	315	0	833	599	235	254	695	613	582	553	308	675	388	127	166
1323	280	521	600	643	289	156	1424	88	754	274	258	199	480	1598	104	376	393	1307	34	376	431	486	623	1175	353	574	833	0	347	1066	616	213	279	356	367	539	210	447	958	895
1088	102	304	363	417	70	199	1189	270	527	162	344	367	171	1363	312	78	268	1072	319	227	285	332	397	940	114	394	599	347	0	831	392	139	226	21	321	315	268	223	723	623
259	846	581	490	429	881	947	359	999	314	794	913	981	663	533	988	764	715	243	1040	712	674	635	443	111	748	548	235	1066	831	0	487	928	846	815	786	541	908	621	111	324
744	398	105	130	60	434	497	844	549	175	343	437	506	245	1019	538	316	239	728	590	254	198	156	83	596	301	69	254	616	392	487	0	480	374	374	310	78	441	169	379	379
1185	84	393	451	505	80	65	1285	136	616	153	281	262	299	1460	178	180	277	1169	185	261	315	370	485	1037	185	458	695	213	139	928	480	0	191	148	307	403	185	312	820	745
1103	145	277	380	420	214	176	1203	213	534	65	119	144	272	1377	189	174	138	1087	254	135	178	233	403	955	145	321	613	279	226	846	374	191	0	208	118	308	72	225	738	678
1072	92	286	345	399	79	208	1172	279	510	144	325	352	155	1347	310	60	250	1056	328	209	267	313	379	924	96	376	582	356	21	815	374	148	208	0	302	297	258	205	707	607
1043	240	213	356	360	309	293	1144	327	474	159	139	207	272	1318	273	269	97	1027	356	146	112	169	353	895	239	257	553	367	321	786	310	307	118	302	0	248	169	205	678	665
798	322	43	128	116	357	420	899	472	229	267	376	444	169	1073	461	239	178	782	513	179	137	123	110	650	224	101	308	539	315	541	78	403	308	297	248	0	371	93	433	422
1165	168	342	442	483	230	133	1266	161	596	115	101	102	322	1440	120	225	208	1149	190	198	246	301	466	1017	195	389	675	210	268	908	441	185	72	258	169	371	0	288	800	738
878	230	83	155	198	265	329	979	381	309	175	317	369	77	1153	370	148	116	862	422	92	111	131	179	730	132	182	388	447	223	621	169	312	225	205	205	93	288	0	513	466
368	739	473	382	322	774	840	468	892	206	686	806	874	555	643	881	656	607	352	932	605	567	527	336	220	641	440	127	958	723	111	379	820	738	707	678	433	800	513	0	217
511	663	462	328	321	682	777	632	829	220	623	780	821	469	759	818	581	580	516	870	544	554	525	313	412	567	440	166	895	623	324	379	745	678	607	665	422	738	466	217	0
]

Scen: [
4.5	0.7	1.1	2.3	1	5.8	3.4	4.6	2.2	3.9	1.2	4	1.6	0.9	4	3	1.2	4.1	2	2.6	2.4	1.7	4.6	4.5	4.4	2.5	7	0.7	1.3	4	3.2	1.9	0.8	2.1	3.6	1.8	1.4	2.3	4.1	3.1	0.9

4.4	3.4	3.2	4.6	2.6	6.4	4	1.1	3	1.5	2.2	1.9	3.2	4.4	2.7	3.9	3.4	4.6	0.9	0.8	3.6	3.9	1.7	3.5	1.8	1	9.2	1	3.6	1.2	2.4	3	3.2	2.8	1.5	3.3	1.6	3.5	2.2	2.2	2.3

2.3	1.9	1.3	1.9	0.7	6.4	3.4	3.9	3.7	1.3	2.9	2.8	4.3	2.4	2.8	4.5	0.7	2.9	4.4	4.2	3.1	3.4	4.4	2.5	1.4	3.1	7.7	2.1	3.7	4	1.9	3	3.8	0.8	4.1	3.4	3.9	4.3	2.2	2.5	1
]

AllCities : [
	'Boden'	'Borås'	'Eskilstuna'	'Falun'	'Gävle'
	'Göteborg'	'Halmstad'	'Haparanda'	'Helsingborg'	'Hudiksvall'
	'Jönköping'	'Kalmar'	'Karlskrona'	'Karlstad'	'Kiruna'
	'Kristianstad'	'Lidköping'	'Linköping'	'Luleå'	'Malmö'
	'Motala'	'Norrköping'	'Nyköping'	'Sandviken'	'Skellefteå'
	'Skövde'	'Stockholm'	'Sundsvall'	'Trelleborg'	'Uddevalla'
	'Umeå'	'Uppsala'	'Varberg'	'Vetlanda'	'Vänersborg'
	'Västervik'	'Västerås'	'Växjö'	'Örebro'	'Örnsköldsvik'
	'Östersund'
]